This file will store some of the MFCCs coefficients values for different letters


A - [110.52727724, -114.35473222, 20.37394894, 32.19629276, 5.0533949, 65.73177524, 1.13324768, -21.32912454, 6.36501137, -3.72874006, 5.91032346, 5.39705026, 6.01898879]

B - [78.73033833, -112.09893752, 31.8571981, 49.24017728, -3.44412544, 49.92068925, 4.20284084, -23.57793725, 8.87359253, 9.34343453, 7.42310555, 5.32938923, 1.98941612]

E - [60.30561104, -104.76710488, 21.8700172, 43.82628849, 1.23589619, 35.76642306, -6.3433096, -10.43049232, 19.46854428, 7.78004877, 2.27614107, -3.35421437, 2.99585966]

I - [128.66864724, -97.85098657, 14.86990785, 10.35837987, -18.93308472, 38.76781705, -14.18255467, -13.28664078, 14.40136285, -9.7082583, -2.19200674, 0.65061844, 6.1445766]

